0.000000000000000000e+00
2.000000000000000000e+00
4.000000000000000000e+00
4.000000000000000000e+00
5.000000000000000000e+00
5.000000000000000000e+00
9.000000000000000000e+00
1.100000000000000000e+01
1.300000000000000000e+01
1.800000000000000000e+01
1.900000000000000000e+01
1.900000000000000000e+01
2.300000000000000000e+01
2.500000000000000000e+01
2.600000000000000000e+01
3.000000000000000000e+01
3.200000000000000000e+01
3.400000000000000000e+01
3.500000000000000000e+01
3.700000000000000000e+01
3.800000000000000000e+01
3.900000000000000000e+01
4.100000000000000000e+01
4.300000000000000000e+01
4.500000000000000000e+01
4.600000000000000000e+01
4.600000000000000000e+01
4.600000000000000000e+01
4.800000000000000000e+01
5.200000000000000000e+01
5.500000000000000000e+01
5.500000000000000000e+01
5.500000000000000000e+01
5.900000000000000000e+01
6.100000000000000000e+01
6.300000000000000000e+01
6.300000000000000000e+01
6.500000000000000000e+01
6.500000000000000000e+01
6.900000000000000000e+01
7.200000000000000000e+01
7.500000000000000000e+01
7.600000000000000000e+01
8.000000000000000000e+01
8.200000000000000000e+01
8.400000000000000000e+01
8.500000000000000000e+01
8.600000000000000000e+01
8.600000000000000000e+01
8.900000000000000000e+01
9.200000000000000000e+01
9.400000000000000000e+01
9.600000000000000000e+01
9.900000000000000000e+01
1.030000000000000000e+02
1.040000000000000000e+02
1.050000000000000000e+02
1.070000000000000000e+02
1.100000000000000000e+02
1.120000000000000000e+02
1.150000000000000000e+02
1.180000000000000000e+02
1.200000000000000000e+02
1.210000000000000000e+02
1.240000000000000000e+02
1.270000000000000000e+02
1.310000000000000000e+02
1.310000000000000000e+02
1.350000000000000000e+02
1.370000000000000000e+02
1.380000000000000000e+02
1.400000000000000000e+02
1.430000000000000000e+02
1.440000000000000000e+02
1.470000000000000000e+02
1.510000000000000000e+02
1.550000000000000000e+02
1.580000000000000000e+02
1.600000000000000000e+02
1.630000000000000000e+02
1.670000000000000000e+02
1.690000000000000000e+02
1.690000000000000000e+02
1.700000000000000000e+02
1.710000000000000000e+02
1.720000000000000000e+02
1.750000000000000000e+02
1.770000000000000000e+02
1.770000000000000000e+02
1.780000000000000000e+02
1.790000000000000000e+02
1.800000000000000000e+02
1.850000000000000000e+02
1.860000000000000000e+02
1.880000000000000000e+02
1.890000000000000000e+02
1.920000000000000000e+02
1.950000000000000000e+02
1.960000000000000000e+02
2.000000000000000000e+02
2.010000000000000000e+02
2.010000000000000000e+02
2.020000000000000000e+02
2.050000000000000000e+02
2.100000000000000000e+02
2.110000000000000000e+02
2.140000000000000000e+02
2.180000000000000000e+02
2.190000000000000000e+02
2.230000000000000000e+02
2.250000000000000000e+02
2.260000000000000000e+02
2.280000000000000000e+02
2.310000000000000000e+02
2.320000000000000000e+02
2.360000000000000000e+02
2.390000000000000000e+02
2.430000000000000000e+02
2.440000000000000000e+02
2.440000000000000000e+02
2.450000000000000000e+02
2.470000000000000000e+02
2.480000000000000000e+02
2.500000000000000000e+02
2.530000000000000000e+02
2.560000000000000000e+02
2.580000000000000000e+02
2.620000000000000000e+02
2.620000000000000000e+02
2.650000000000000000e+02
2.680000000000000000e+02
2.700000000000000000e+02
2.720000000000000000e+02
2.740000000000000000e+02
2.790000000000000000e+02
2.810000000000000000e+02
2.830000000000000000e+02
2.840000000000000000e+02
2.850000000000000000e+02
2.880000000000000000e+02
2.920000000000000000e+02
2.950000000000000000e+02
2.970000000000000000e+02
2.980000000000000000e+02
2.990000000000000000e+02
3.020000000000000000e+02
3.040000000000000000e+02
3.080000000000000000e+02
3.090000000000000000e+02
3.110000000000000000e+02
3.120000000000000000e+02
3.160000000000000000e+02
3.190000000000000000e+02
3.200000000000000000e+02
3.200000000000000000e+02
3.210000000000000000e+02
3.220000000000000000e+02
3.230000000000000000e+02
3.260000000000000000e+02
3.270000000000000000e+02
3.310000000000000000e+02
3.360000000000000000e+02
3.410000000000000000e+02
3.430000000000000000e+02
3.440000000000000000e+02
3.450000000000000000e+02
3.480000000000000000e+02
3.490000000000000000e+02
3.520000000000000000e+02
3.550000000000000000e+02
3.590000000000000000e+02
3.610000000000000000e+02
3.610000000000000000e+02
3.630000000000000000e+02
3.650000000000000000e+02
3.660000000000000000e+02
3.680000000000000000e+02
3.700000000000000000e+02
3.740000000000000000e+02
3.760000000000000000e+02
3.760000000000000000e+02
3.760000000000000000e+02
3.770000000000000000e+02
3.790000000000000000e+02
3.820000000000000000e+02
3.830000000000000000e+02
3.860000000000000000e+02
3.890000000000000000e+02
3.910000000000000000e+02
3.930000000000000000e+02
3.940000000000000000e+02
3.950000000000000000e+02
3.950000000000000000e+02
3.980000000000000000e+02
3.990000000000000000e+02
4.020000000000000000e+02
4.050000000000000000e+02
4.070000000000000000e+02
4.120000000000000000e+02
4.130000000000000000e+02
4.140000000000000000e+02
4.160000000000000000e+02
4.170000000000000000e+02
4.210000000000000000e+02
4.230000000000000000e+02
4.250000000000000000e+02
4.260000000000000000e+02
4.280000000000000000e+02
4.300000000000000000e+02
4.310000000000000000e+02
4.360000000000000000e+02
4.380000000000000000e+02
4.410000000000000000e+02
4.420000000000000000e+02
4.430000000000000000e+02
4.450000000000000000e+02
4.480000000000000000e+02
4.490000000000000000e+02
4.510000000000000000e+02
4.530000000000000000e+02
4.540000000000000000e+02
4.570000000000000000e+02
4.590000000000000000e+02
4.620000000000000000e+02
4.630000000000000000e+02
4.630000000000000000e+02
4.640000000000000000e+02
4.650000000000000000e+02
4.690000000000000000e+02
4.730000000000000000e+02
4.750000000000000000e+02
4.760000000000000000e+02
4.760000000000000000e+02
4.780000000000000000e+02
4.800000000000000000e+02
4.830000000000000000e+02
4.830000000000000000e+02
4.840000000000000000e+02
4.860000000000000000e+02
4.880000000000000000e+02
4.900000000000000000e+02
4.910000000000000000e+02
4.920000000000000000e+02
4.940000000000000000e+02
4.970000000000000000e+02
4.990000000000000000e+02
5.030000000000000000e+02
5.040000000000000000e+02
5.060000000000000000e+02
5.080000000000000000e+02
5.100000000000000000e+02
5.100000000000000000e+02
5.120000000000000000e+02
5.140000000000000000e+02
5.160000000000000000e+02
5.170000000000000000e+02
5.180000000000000000e+02
5.180000000000000000e+02
5.220000000000000000e+02
5.240000000000000000e+02
5.260000000000000000e+02
5.300000000000000000e+02
5.320000000000000000e+02
5.370000000000000000e+02
5.380000000000000000e+02
5.410000000000000000e+02
5.450000000000000000e+02
5.480000000000000000e+02
5.500000000000000000e+02
5.530000000000000000e+02
5.530000000000000000e+02
5.560000000000000000e+02
5.580000000000000000e+02
5.600000000000000000e+02
5.620000000000000000e+02
5.640000000000000000e+02
5.640000000000000000e+02
5.660000000000000000e+02
5.670000000000000000e+02
5.680000000000000000e+02
5.690000000000000000e+02
5.710000000000000000e+02
5.750000000000000000e+02
5.780000000000000000e+02
5.790000000000000000e+02
5.790000000000000000e+02
5.810000000000000000e+02
5.820000000000000000e+02
5.870000000000000000e+02
5.890000000000000000e+02
5.920000000000000000e+02
5.950000000000000000e+02
5.970000000000000000e+02
6.000000000000000000e+02
6.030000000000000000e+02
6.040000000000000000e+02
6.070000000000000000e+02
6.100000000000000000e+02
6.110000000000000000e+02
6.140000000000000000e+02
6.170000000000000000e+02
6.200000000000000000e+02
6.240000000000000000e+02
6.250000000000000000e+02
6.260000000000000000e+02
6.280000000000000000e+02
6.290000000000000000e+02
6.300000000000000000e+02
6.320000000000000000e+02
6.340000000000000000e+02
6.360000000000000000e+02
6.370000000000000000e+02
6.410000000000000000e+02
6.450000000000000000e+02
6.470000000000000000e+02
6.480000000000000000e+02
6.510000000000000000e+02
6.530000000000000000e+02
6.540000000000000000e+02
6.550000000000000000e+02
6.570000000000000000e+02
6.590000000000000000e+02
6.610000000000000000e+02
6.620000000000000000e+02
6.630000000000000000e+02
6.650000000000000000e+02
6.670000000000000000e+02
6.680000000000000000e+02
6.690000000000000000e+02
6.720000000000000000e+02
6.740000000000000000e+02
6.750000000000000000e+02
6.790000000000000000e+02
6.810000000000000000e+02
6.820000000000000000e+02
6.820000000000000000e+02
6.840000000000000000e+02
6.850000000000000000e+02
6.870000000000000000e+02
6.890000000000000000e+02
6.910000000000000000e+02
6.930000000000000000e+02
6.940000000000000000e+02
6.960000000000000000e+02
6.980000000000000000e+02
7.020000000000000000e+02
7.050000000000000000e+02
7.050000000000000000e+02
7.060000000000000000e+02
7.080000000000000000e+02
7.090000000000000000e+02
7.090000000000000000e+02
7.100000000000000000e+02
7.120000000000000000e+02
7.130000000000000000e+02
7.160000000000000000e+02
7.190000000000000000e+02
7.220000000000000000e+02
7.220000000000000000e+02
7.250000000000000000e+02
7.280000000000000000e+02
7.310000000000000000e+02
7.330000000000000000e+02
7.350000000000000000e+02
7.370000000000000000e+02
7.400000000000000000e+02
7.400000000000000000e+02
7.420000000000000000e+02
7.460000000000000000e+02
7.480000000000000000e+02
7.490000000000000000e+02
7.540000000000000000e+02
7.560000000000000000e+02
7.590000000000000000e+02
7.600000000000000000e+02
7.640000000000000000e+02
7.670000000000000000e+02
7.700000000000000000e+02
7.720000000000000000e+02
7.740000000000000000e+02
7.740000000000000000e+02
7.750000000000000000e+02
7.770000000000000000e+02
7.800000000000000000e+02
7.810000000000000000e+02
7.810000000000000000e+02
7.840000000000000000e+02
7.860000000000000000e+02
7.860000000000000000e+02
7.880000000000000000e+02
7.900000000000000000e+02
7.930000000000000000e+02
7.970000000000000000e+02
7.990000000000000000e+02
8.000000000000000000e+02
8.020000000000000000e+02
8.030000000000000000e+02
8.060000000000000000e+02
8.120000000000000000e+02
8.160000000000000000e+02
8.170000000000000000e+02
8.190000000000000000e+02
8.210000000000000000e+02
8.240000000000000000e+02
8.240000000000000000e+02
8.250000000000000000e+02
8.250000000000000000e+02
8.270000000000000000e+02
8.270000000000000000e+02
8.280000000000000000e+02
8.290000000000000000e+02
8.320000000000000000e+02
8.330000000000000000e+02
8.370000000000000000e+02
8.370000000000000000e+02
8.390000000000000000e+02
8.400000000000000000e+02
8.410000000000000000e+02
8.430000000000000000e+02
8.460000000000000000e+02
8.490000000000000000e+02
8.500000000000000000e+02
8.500000000000000000e+02
8.530000000000000000e+02
8.540000000000000000e+02
8.570000000000000000e+02
8.570000000000000000e+02
8.590000000000000000e+02
8.610000000000000000e+02
8.630000000000000000e+02
8.650000000000000000e+02
8.680000000000000000e+02
8.700000000000000000e+02
8.750000000000000000e+02
8.800000000000000000e+02
8.800000000000000000e+02
8.810000000000000000e+02
8.820000000000000000e+02
8.880000000000000000e+02
8.910000000000000000e+02
8.920000000000000000e+02
8.940000000000000000e+02
8.950000000000000000e+02
8.960000000000000000e+02
8.960000000000000000e+02
9.000000000000000000e+02
9.030000000000000000e+02
9.050000000000000000e+02
9.070000000000000000e+02
9.080000000000000000e+02
9.080000000000000000e+02
9.120000000000000000e+02
9.120000000000000000e+02
9.140000000000000000e+02
9.150000000000000000e+02
9.160000000000000000e+02
9.160000000000000000e+02
9.170000000000000000e+02
9.190000000000000000e+02
9.220000000000000000e+02
9.250000000000000000e+02
9.260000000000000000e+02
9.270000000000000000e+02
9.300000000000000000e+02
9.330000000000000000e+02
9.360000000000000000e+02
9.370000000000000000e+02
9.380000000000000000e+02
9.380000000000000000e+02
9.390000000000000000e+02
9.400000000000000000e+02
9.420000000000000000e+02
9.430000000000000000e+02
9.440000000000000000e+02
9.460000000000000000e+02
9.470000000000000000e+02
9.500000000000000000e+02
9.530000000000000000e+02
9.570000000000000000e+02
9.580000000000000000e+02
9.590000000000000000e+02
9.610000000000000000e+02
9.640000000000000000e+02
9.650000000000000000e+02
9.650000000000000000e+02
9.660000000000000000e+02
9.690000000000000000e+02
9.690000000000000000e+02
9.730000000000000000e+02
9.760000000000000000e+02
9.790000000000000000e+02
9.810000000000000000e+02
9.830000000000000000e+02
9.860000000000000000e+02
9.860000000000000000e+02
9.890000000000000000e+02
9.910000000000000000e+02
9.930000000000000000e+02
9.960000000000000000e+02
9.970000000000000000e+02
9.980000000000000000e+02
1.001000000000000000e+03
1.002000000000000000e+03
1.002000000000000000e+03
1.005000000000000000e+03
1.007000000000000000e+03
1.008000000000000000e+03
1.014000000000000000e+03
1.017000000000000000e+03
1.020000000000000000e+03
1.022000000000000000e+03
1.027000000000000000e+03
1.029000000000000000e+03
1.031000000000000000e+03
1.034000000000000000e+03
1.035000000000000000e+03
1.037000000000000000e+03
1.039000000000000000e+03
1.042000000000000000e+03
1.045000000000000000e+03
1.048000000000000000e+03
1.050000000000000000e+03
1.053000000000000000e+03
1.055000000000000000e+03
1.056000000000000000e+03
1.057000000000000000e+03
1.060000000000000000e+03
1.062000000000000000e+03
1.065000000000000000e+03
1.065000000000000000e+03
1.068000000000000000e+03
1.071000000000000000e+03
1.072000000000000000e+03
1.074000000000000000e+03
1.075000000000000000e+03
1.079000000000000000e+03
1.079000000000000000e+03
1.081000000000000000e+03
1.084000000000000000e+03
1.085000000000000000e+03
1.087000000000000000e+03
1.089000000000000000e+03
1.090000000000000000e+03
1.091000000000000000e+03
1.093000000000000000e+03
1.097000000000000000e+03
1.100000000000000000e+03
1.102000000000000000e+03
1.102000000000000000e+03
1.102000000000000000e+03
1.103000000000000000e+03
1.105000000000000000e+03
1.107000000000000000e+03
1.108000000000000000e+03
1.108000000000000000e+03
1.111000000000000000e+03
1.116000000000000000e+03
1.117000000000000000e+03
1.118000000000000000e+03
1.118000000000000000e+03
1.120000000000000000e+03
1.123000000000000000e+03
1.124000000000000000e+03
1.126000000000000000e+03
1.129000000000000000e+03
1.132000000000000000e+03
1.134000000000000000e+03
1.135000000000000000e+03
1.138000000000000000e+03
1.140000000000000000e+03
1.140000000000000000e+03
1.142000000000000000e+03
1.146000000000000000e+03
1.149000000000000000e+03
1.151000000000000000e+03
1.154000000000000000e+03
1.156000000000000000e+03
1.158000000000000000e+03
1.158000000000000000e+03
1.159000000000000000e+03
1.161000000000000000e+03
1.161000000000000000e+03
1.163000000000000000e+03
1.166000000000000000e+03
1.169000000000000000e+03
1.172000000000000000e+03
1.174000000000000000e+03
1.179000000000000000e+03
1.182000000000000000e+03
1.183000000000000000e+03
1.187000000000000000e+03
1.188000000000000000e+03
1.190000000000000000e+03
1.194000000000000000e+03
1.196000000000000000e+03
1.199000000000000000e+03
1.199000000000000000e+03
1.200000000000000000e+03
1.203000000000000000e+03
1.206000000000000000e+03
1.206000000000000000e+03
1.211000000000000000e+03
1.215000000000000000e+03
1.216000000000000000e+03
1.217000000000000000e+03
1.220000000000000000e+03
1.222000000000000000e+03
1.226000000000000000e+03
1.226000000000000000e+03
1.228000000000000000e+03
1.229000000000000000e+03
1.230000000000000000e+03
1.232000000000000000e+03
1.233000000000000000e+03
1.235000000000000000e+03
1.236000000000000000e+03
1.239000000000000000e+03
1.240000000000000000e+03
1.242000000000000000e+03
1.245000000000000000e+03
1.247000000000000000e+03
1.251000000000000000e+03
1.253000000000000000e+03
1.254000000000000000e+03
1.256000000000000000e+03
1.259000000000000000e+03
1.263000000000000000e+03
1.264000000000000000e+03
1.267000000000000000e+03
1.271000000000000000e+03
1.273000000000000000e+03
1.273000000000000000e+03
1.276000000000000000e+03
1.278000000000000000e+03
1.281000000000000000e+03
1.283000000000000000e+03
1.284000000000000000e+03
1.285000000000000000e+03
1.287000000000000000e+03
1.288000000000000000e+03
1.290000000000000000e+03
1.292000000000000000e+03
1.292000000000000000e+03
1.294000000000000000e+03
1.297000000000000000e+03
1.299000000000000000e+03
1.302000000000000000e+03
1.307000000000000000e+03
1.309000000000000000e+03
1.311000000000000000e+03
1.313000000000000000e+03
1.315000000000000000e+03
1.318000000000000000e+03
1.321000000000000000e+03
1.323000000000000000e+03
1.323000000000000000e+03
1.324000000000000000e+03
1.324000000000000000e+03
1.327000000000000000e+03
1.327000000000000000e+03
1.330000000000000000e+03
1.333000000000000000e+03
1.335000000000000000e+03
1.338000000000000000e+03
1.338000000000000000e+03
1.339000000000000000e+03
1.339000000000000000e+03
1.342000000000000000e+03
1.342000000000000000e+03
1.344000000000000000e+03
1.345000000000000000e+03
1.348000000000000000e+03
1.349000000000000000e+03
1.351000000000000000e+03
1.353000000000000000e+03
1.358000000000000000e+03
1.363000000000000000e+03
1.365000000000000000e+03
1.366000000000000000e+03
1.366000000000000000e+03
1.366000000000000000e+03
1.368000000000000000e+03
1.368000000000000000e+03
1.371000000000000000e+03
1.372000000000000000e+03
1.375000000000000000e+03
1.379000000000000000e+03
1.380000000000000000e+03
1.385000000000000000e+03
1.388000000000000000e+03
1.391000000000000000e+03
1.393000000000000000e+03
1.398000000000000000e+03
1.399000000000000000e+03
1.399000000000000000e+03
1.400000000000000000e+03
1.401000000000000000e+03
1.401000000000000000e+03
1.401000000000000000e+03
1.401000000000000000e+03
1.404000000000000000e+03
1.406000000000000000e+03
1.409000000000000000e+03
1.410000000000000000e+03
1.411000000000000000e+03
1.413000000000000000e+03
1.413000000000000000e+03
1.415000000000000000e+03
1.418000000000000000e+03
1.419000000000000000e+03
1.421000000000000000e+03
1.423000000000000000e+03
1.425000000000000000e+03
1.426000000000000000e+03
1.426000000000000000e+03
1.429000000000000000e+03
1.433000000000000000e+03
1.433000000000000000e+03
1.434000000000000000e+03
1.437000000000000000e+03
1.438000000000000000e+03
1.443000000000000000e+03
1.444000000000000000e+03
1.448000000000000000e+03
1.450000000000000000e+03
1.451000000000000000e+03
1.454000000000000000e+03
1.454000000000000000e+03
1.456000000000000000e+03
1.457000000000000000e+03
1.460000000000000000e+03
1.463000000000000000e+03
1.465000000000000000e+03
1.469000000000000000e+03
1.472000000000000000e+03
1.474000000000000000e+03
1.476000000000000000e+03
1.478000000000000000e+03
1.480000000000000000e+03
1.483000000000000000e+03
1.484000000000000000e+03
1.487000000000000000e+03
1.489000000000000000e+03
1.489000000000000000e+03
1.489000000000000000e+03
1.490000000000000000e+03
1.492000000000000000e+03
1.493000000000000000e+03
1.496000000000000000e+03
1.496000000000000000e+03
1.497000000000000000e+03
1.499000000000000000e+03
1.501000000000000000e+03
1.503000000000000000e+03
1.505000000000000000e+03
1.505000000000000000e+03
1.510000000000000000e+03
1.513000000000000000e+03
1.515000000000000000e+03
1.516000000000000000e+03
1.519000000000000000e+03
1.520000000000000000e+03
1.521000000000000000e+03
1.521000000000000000e+03
1.522000000000000000e+03
1.524000000000000000e+03
1.525000000000000000e+03
1.526000000000000000e+03
1.527000000000000000e+03
1.531000000000000000e+03
1.533000000000000000e+03
1.534000000000000000e+03
1.535000000000000000e+03
1.537000000000000000e+03
1.539000000000000000e+03
1.540000000000000000e+03
1.541000000000000000e+03
1.542000000000000000e+03
1.545000000000000000e+03
1.547000000000000000e+03
1.547000000000000000e+03
1.550000000000000000e+03
1.556000000000000000e+03
1.558000000000000000e+03
1.560000000000000000e+03
1.562000000000000000e+03
1.565000000000000000e+03
1.566000000000000000e+03
1.568000000000000000e+03
1.568000000000000000e+03
1.570000000000000000e+03
1.574000000000000000e+03
1.574000000000000000e+03
1.574000000000000000e+03
1.579000000000000000e+03
1.580000000000000000e+03
1.581000000000000000e+03
1.584000000000000000e+03
1.586000000000000000e+03
1.587000000000000000e+03
1.589000000000000000e+03
1.589000000000000000e+03
1.591000000000000000e+03
1.595000000000000000e+03
1.597000000000000000e+03
1.602000000000000000e+03
1.602000000000000000e+03
1.607000000000000000e+03
1.610000000000000000e+03
1.611000000000000000e+03
1.613000000000000000e+03
1.615000000000000000e+03
1.618000000000000000e+03
1.621000000000000000e+03
1.622000000000000000e+03
1.624000000000000000e+03
1.627000000000000000e+03
1.629000000000000000e+03
1.631000000000000000e+03
1.632000000000000000e+03
1.635000000000000000e+03
1.639000000000000000e+03
1.641000000000000000e+03
1.644000000000000000e+03
1.644000000000000000e+03
1.645000000000000000e+03
1.648000000000000000e+03
1.648000000000000000e+03
1.649000000000000000e+03
1.650000000000000000e+03
1.652000000000000000e+03
1.654000000000000000e+03
1.655000000000000000e+03
1.657000000000000000e+03
1.658000000000000000e+03
1.661000000000000000e+03
1.662000000000000000e+03
1.666000000000000000e+03
1.666000000000000000e+03
1.667000000000000000e+03
1.669000000000000000e+03
1.672000000000000000e+03
1.674000000000000000e+03
1.676000000000000000e+03
1.677000000000000000e+03
1.680000000000000000e+03
1.682000000000000000e+03
1.682000000000000000e+03
1.684000000000000000e+03
1.685000000000000000e+03
1.687000000000000000e+03
1.688000000000000000e+03
1.692000000000000000e+03
1.692000000000000000e+03
1.692000000000000000e+03
1.696000000000000000e+03
1.697000000000000000e+03
1.699000000000000000e+03
1.702000000000000000e+03
1.705000000000000000e+03
1.709000000000000000e+03
1.710000000000000000e+03
1.710000000000000000e+03
1.714000000000000000e+03
1.716000000000000000e+03
1.720000000000000000e+03
1.721000000000000000e+03
1.721000000000000000e+03
1.725000000000000000e+03
1.730000000000000000e+03
1.732000000000000000e+03
1.733000000000000000e+03
1.735000000000000000e+03
1.736000000000000000e+03
1.739000000000000000e+03
1.740000000000000000e+03
1.741000000000000000e+03
1.743000000000000000e+03
1.744000000000000000e+03
1.745000000000000000e+03
1.746000000000000000e+03
1.747000000000000000e+03
1.751000000000000000e+03
1.752000000000000000e+03
1.758000000000000000e+03
1.758000000000000000e+03
1.759000000000000000e+03
1.763000000000000000e+03
1.767000000000000000e+03
1.769000000000000000e+03
1.770000000000000000e+03
1.772000000000000000e+03
1.774000000000000000e+03
1.777000000000000000e+03
1.779000000000000000e+03
1.782000000000000000e+03
1.785000000000000000e+03
1.786000000000000000e+03
1.790000000000000000e+03
1.792000000000000000e+03
1.795000000000000000e+03
1.800000000000000000e+03
1.801000000000000000e+03
1.801000000000000000e+03
1.804000000000000000e+03
1.807000000000000000e+03
1.808000000000000000e+03
1.808000000000000000e+03
1.809000000000000000e+03
1.811000000000000000e+03
1.813000000000000000e+03
1.816000000000000000e+03
1.818000000000000000e+03
1.821000000000000000e+03
1.823000000000000000e+03
1.825000000000000000e+03
1.827000000000000000e+03
1.828000000000000000e+03
1.830000000000000000e+03
1.830000000000000000e+03
1.832000000000000000e+03
1.834000000000000000e+03
1.837000000000000000e+03
1.840000000000000000e+03
1.842000000000000000e+03
1.843000000000000000e+03
1.846000000000000000e+03
1.846000000000000000e+03
1.847000000000000000e+03
1.851000000000000000e+03
1.855000000000000000e+03
1.859000000000000000e+03
1.863000000000000000e+03
1.865000000000000000e+03
1.866000000000000000e+03
1.867000000000000000e+03
1.870000000000000000e+03
1.872000000000000000e+03
1.875000000000000000e+03
1.877000000000000000e+03
1.881000000000000000e+03
1.882000000000000000e+03
1.885000000000000000e+03
1.887000000000000000e+03
1.889000000000000000e+03
1.891000000000000000e+03
1.892000000000000000e+03
1.895000000000000000e+03
1.897000000000000000e+03
1.899000000000000000e+03
1.901000000000000000e+03
1.902000000000000000e+03
1.903000000000000000e+03
1.903000000000000000e+03
1.907000000000000000e+03
1.910000000000000000e+03
1.910000000000000000e+03
1.914000000000000000e+03
1.915000000000000000e+03
1.918000000000000000e+03
1.919000000000000000e+03
1.920000000000000000e+03
1.923000000000000000e+03
1.924000000000000000e+03
1.927000000000000000e+03
1.929000000000000000e+03
1.930000000000000000e+03
1.933000000000000000e+03
1.934000000000000000e+03
1.934000000000000000e+03
1.934000000000000000e+03
1.935000000000000000e+03
1.937000000000000000e+03
1.939000000000000000e+03
1.941000000000000000e+03
1.942000000000000000e+03
1.944000000000000000e+03
1.946000000000000000e+03
1.948000000000000000e+03
1.951000000000000000e+03
1.954000000000000000e+03
1.956000000000000000e+03
1.958000000000000000e+03
1.959000000000000000e+03
1.961000000000000000e+03
1.964000000000000000e+03
1.967000000000000000e+03
1.971000000000000000e+03
1.973000000000000000e+03
1.975000000000000000e+03
1.979000000000000000e+03
1.982000000000000000e+03
1.984000000000000000e+03
1.985000000000000000e+03
1.987000000000000000e+03
1.990000000000000000e+03
1.992000000000000000e+03
1.994000000000000000e+03
1.996000000000000000e+03
1.998000000000000000e+03
2.000000000000000000e+03
