6.128797977617296278e-01
2.649544218091133274e-01
8.778461231238200435e-01
9.679079963954042576e-01
5.582070422192555448e-01
4.948318268979161605e-01
8.102390774735621637e-01
9.554864986206078603e-01
1.750504866909474710e-01
3.101308377127476312e-01
4.290023201398968089e-01
7.251227127442616549e-01
1.756094330041245710e-01
4.868303881979053616e-01
9.144641745754580331e-01
8.612807479938255906e-02
9.738872079220461941e-01
2.838602424412681735e-01
6.942923299437063767e-01
2.352418986756802388e-01
2.793550465235512537e-01
1.341847189020959341e-01
2.934353261517090861e-01
3.095916877212968599e-01
2.000410947209371182e-01
8.599230910402688721e-01
4.468538398922461408e-01
9.423175802604304430e-01
2.958067808826525535e-02
5.124197546589148722e-01
3.756874440831661222e-01
8.774879579884055092e-01
2.465676941208300166e-01
2.275802240064423998e-01
7.804557716074534968e-01
9.732461632023664544e-01
7.114586987878216418e-01
7.635023104633796853e-01
4.536764693454889974e-01
9.982817113524521391e-01
6.041240422076656902e-01
1.839924772579590861e-01
1.037690910388511245e-01
3.025007823991794353e-01
9.675160512217241271e-01
7.736634142763469946e-01
5.129326017427549012e-02
6.649806677076139927e-01
6.678984004885549774e-01
2.336652086678072671e-01
5.753414320179279784e-01
3.444126729149845634e-01
8.053441922966844135e-01
3.690396775678983499e-02
5.273044597336841166e-01
7.211452759996734851e-01
4.847911284706738488e-01
4.956338808512209537e-01
9.729903558283189424e-01
5.394225956240840114e-01
9.291890991946566425e-01
5.576153806095774934e-01
9.909325106584689902e-01
1.266398947125105812e-01
9.476728336672901598e-03
5.426037271223358438e-01
1.881119641235331486e-01
3.141636479422297290e-01
7.551185946539490379e-01
5.642945628393888358e-01
7.172848789547412451e-01
4.325312128901872555e-01
1.992666853255093962e-01
8.474265524383050030e-01
2.535631382572047787e-01
5.021683769010478748e-01
8.473804878772251969e-01
2.962436612878673881e-01
3.343902642550874438e-01
4.579721340793985185e-01
1.934499563193176064e-01
2.702196513908227127e-01
3.939309196454686690e-01
4.923966535772758002e-01
9.902462356876611249e-01
9.641053997371795692e-02
9.189161586450955710e-01
4.018740953311759068e-01
7.467208530821722867e-01
6.827042322361274174e-01
6.969928688832002228e-01
5.263891915654332898e-01
8.106128912605139458e-01
5.508338718351826202e-01
8.894128873162288063e-01
6.443591425924556360e-01
7.271356675782584267e-01
6.181689340512989128e-01
8.622222131447160320e-01
5.982848178353359359e-01
2.544955001404841655e-01
2.776745663874292669e-01
1.903542702177745127e-01
7.892428138864009401e-01
9.260792599712353024e-03
2.373489284617888995e-01
4.248997207130327247e-01
8.956861168039287335e-01
2.165530912123772023e-01
8.119226749467645110e-01
9.733858426974861811e-01
4.560489052682148436e-01
5.819022389817626317e-01
8.640916810566111605e-01
4.759543002422534919e-01
5.651926609682161873e-01
7.829904485192782371e-01
2.685962566177856337e-01
7.156380095763444915e-01
3.891300546052479659e-01
9.315337702137310716e-01
2.306204145982091447e-01
9.223342804779689486e-01
5.870271654668651751e-01
1.768341508277254670e-01
2.635178848295040011e-01
3.718170334220690654e-01
1.514654473526839684e-01
1.689848976062642283e-01
9.758302921563847265e-01
5.079574278865686132e-01
2.444348548790590270e-01
6.793056674854859311e-01
5.372036620104050364e-01
9.141598048609619331e-01
2.216577094484288857e-01
3.112510467891996813e-01
5.781864772220095539e-01
5.084999239087201195e-01
9.419525057234378052e-01
5.331008526677031290e-01
1.243987815038124500e-01
5.273389115804517635e-01
3.005397013247701477e-02
2.549367015507406631e-01
8.666726030668857605e-01
2.153863276937605375e-01
2.470906151939198381e-01
6.986843282186870896e-01
5.157167446391551779e-01
9.944193869185281587e-01
5.723427422010496368e-02
8.176932129605041233e-02
7.600126664789518260e-01
8.040864191073806566e-01
7.761757630254698670e-01
9.079241528707091557e-01
4.386145184808767361e-01
4.278034104909483881e-01
9.215921398800737130e-01
8.222070987863384639e-01
6.311817287255432340e-01
3.094226416214539421e-01
7.055585824293986175e-02
6.901344347377302846e-01
7.551521850905185129e-02
3.132740510381176735e-01
4.290482341195949179e-01
2.068899509250962110e-01
2.045781478867533254e-01
5.516786184506223822e-01
5.614116009801927154e-01
3.644203371920480272e-01
6.696219088367484362e-01
1.310510759639238465e-02
6.315193751584096127e-01
7.690214059719496786e-01
2.220081368616731998e-01
5.424636573316798938e-01
6.973537318191225243e-02
6.926232341110074575e-01
9.927595709542887947e-01
1.919163620142468885e-01
6.523879842914614979e-01
9.760176558205942987e-01
7.337093319855167994e-01
2.701273780197477326e-02
2.564356381375153537e-01
1.990411782967089760e-01
2.394983212577017628e-02
7.843304058635189868e-01
5.472709628357165235e-01
8.225949372217432609e-01
4.985368604250387525e-01
4.920427966051906798e-01
2.696902296866161564e-01
5.258653841798908157e-01
5.727313973159725569e-01
8.102817876920853646e-01
7.206774174331798122e-03
8.027078235403017903e-01
5.637835852217427668e-01
2.837685977286952266e-01
7.187425015853996513e-01
7.401755942587173731e-02
7.104078442670122007e-01
2.500020396628277464e-01
8.294053633957809701e-02
4.764738355350018884e-01
1.989324470420872348e-01
2.292002820712543132e-01
1.112782652313201170e-01
9.688212939823716008e-01
9.051086822186693581e-02
8.809454250489802130e-01
4.181439450882449282e-01
3.614400673690087995e-01
4.992587107027539606e-01
9.417515806531724376e-01
6.212051208794243662e-01
5.086775098412045226e-01
9.385261649051004351e-01
4.235211951983048895e-01
2.619513113454489117e-01
3.635515033677824137e-01
9.469573484342344027e-01
9.711712427999621422e-01
1.016726219466190795e-01
7.543831454273468573e-01
5.969252591085985049e-01
6.567620666541722496e-01
9.899966451795239042e-02
5.753360347960729815e-01
7.405214807719801007e-01
1.390058997143516217e-01
2.989760256980454889e-01
3.866169816311252339e-01
2.330123596963028509e-01
2.889738368365354360e-01
4.343859426365560550e-01
2.944508870118618393e-01
4.704569061557659637e-01
8.099351346961592979e-01
4.475287902402249607e-01
8.442799556634041913e-01
5.616077025521303279e-01
1.889022362105681196e-01
7.686056913146209757e-01
3.244298705190642451e-01
8.396211978234260354e-01
4.839156431471534070e-01
5.624406546832501075e-01
4.385016473530658487e-01
8.715254889230250601e-02
8.191586379519746330e-01
7.493553986905607811e-01
8.325310853695847557e-01
1.131178271087218690e-02
2.925728154019163751e-01
7.101895974538096068e-01
9.359960378062671671e-01
8.805357360998711247e-01
4.510366633614296683e-01
9.631627698646282321e-01
4.187988971872137478e-01
9.200112467490207946e-01
8.565373948165285745e-01
9.046026812360444813e-01
7.434429422078917549e-01
1.044156000349040214e-01
6.941008089010436422e-02
3.543177600403309979e-01
5.266523908189072456e-01
3.952110465065279410e-01
4.034047653298455938e-02
2.036122202112571333e-01
1.543310252551911566e-01
4.192949618321594185e-01
1.167247442302712379e-01
4.909673417497643078e-01
8.688983198425579424e-01
6.007871963460313935e-01
2.693978329024878660e-01
9.467679748378470261e-01
4.671352204534982011e-01
3.763223350854030258e-01
9.764457443256466807e-01
1.743742544301098985e-01
5.726814884474128453e-01
3.153405793603818452e-01
1.071597341254878488e-01
6.742373014989840874e-01
5.768565973846252470e-01
5.632940393406214996e-01
2.803202036628781313e-01
1.781871013640523582e-01
6.314564627738765701e-01
2.989082995115659447e-01
5.896510407183438440e-01
5.585877438073292289e-01
3.789931861185752426e-01
5.960904570283265258e-02
7.354007280318072270e-01
1.861811043872890759e-01
7.063889295244654143e-01
1.825042980544081539e-01
5.496834731735145141e-01
3.435796459222342225e-01
8.119228688692406992e-01
9.526349893223384768e-02
3.939837492019395704e-01
2.961946591496921188e-01
9.498519025622531586e-01
9.846105975560990320e-01
1.009110553470701221e-01
2.187204587097241193e-01
1.019391440558558015e-01
7.908682867195632182e-01
8.091638771040865485e-02
8.205985733434296714e-01
3.240472626565660264e-02
3.770521360637879571e-01
1.715352625521537888e-01
1.404591166200115371e-01
9.483327380948854968e-01
7.421956122728803340e-01
7.223253004316235737e-01
3.917515807854621279e-02
9.538964624569152839e-01
9.719143555999927298e-01
8.370592236820416643e-01
8.412679407776016971e-01
1.048449588536479737e-01
5.955060444943909292e-01
7.800567407554347410e-01
7.067439625466682696e-01
5.295195773844588727e-01
1.968104323061561356e-01
9.323662313278702207e-01
3.215689209577442531e-01
4.119060139570879242e-01
5.134156398751205108e-01
6.514257559328668901e-01
4.985008191004461908e-01
7.812129118748727397e-01
7.062021114324124049e-01
2.590492442320326827e-01
4.004636287679886886e-01
4.361041688815503470e-02
6.772735200470011430e-01
1.066008346322250278e-01
1.263504699647747254e-01
4.525494450897795673e-01
8.427835002023701394e-01
6.875538059548865766e-01
8.919864503132323152e-01
1.780724261466023473e-01
4.614412714413426153e-01
1.311452338971170750e-01
7.579994325513983444e-01
7.631334738624324654e-01
9.458922635696893622e-01
2.984188996161217799e-01
4.478852544543115988e-01
5.648086168887457292e-01
5.481921963191725977e-01
9.805491326976041311e-01
5.295548677939595494e-01
4.127607244058517644e-02
6.243118298266214783e-02
9.139640935356536655e-01
1.903123054908351097e-01
1.358676828124277813e-01
9.434605740250134875e-02
2.628420185554700694e-01
9.332734739263159884e-02
1.729330999041747141e-01
4.348957621070537183e-01
6.709108607079717901e-01
3.349662753889927069e-01
9.519516474853628729e-02
6.347813437760629895e-01
3.919761997496888917e-01
5.127244669264149346e-01
4.353075073214572877e-01
7.235124207488515813e-01
2.063649714802195945e-02
7.783033664455883960e-01
1.058145461785606756e-01
2.075415739004294879e-01
7.679291021284132546e-01
2.667868141308281649e-01
2.743846281631022732e-01
8.774754515130949173e-01
3.316121080484035755e-02
6.307113837883819851e-01
1.010524919076514205e-01
7.715512636809257474e-01
2.693911400951911617e-01
9.045181484161775032e-01
6.649828589717093896e-01
5.503644739873387870e-01
4.198079352918220319e-01
6.536027229118623882e-02
8.725979329935183992e-01
9.140568672868765177e-01
6.941653757710747330e-01
5.787214664198835345e-01
9.202304363520873443e-01
4.308765786773789408e-01
5.990551834769936024e-01
8.918912218619654553e-01
4.898928590483442314e-02
2.608274398554366602e-02
4.601804392066485283e-01
7.868172148493456364e-01
3.342407012668343613e-01
6.171676841772427702e-01
6.859435270781764071e-01
8.874231978458674286e-01
9.479463625887667444e-01
6.311070805966216835e-01
6.147293072405543013e-01
5.294403136695129408e-01
3.532640159695155102e-01
9.644145747649280898e-01
1.896583546041974433e-01
2.281077713866038748e-01
6.087597973947439511e-01
1.652997732377858853e-01
6.288971496367130598e-01
8.485429589998222388e-01
6.732308218724425419e-01
8.358960385877581833e-01
5.807172115041802085e-01
5.201645641466100534e-01
6.065302354143834451e-01
2.915763290859028078e-01
1.821727424808908813e-01
6.768729275094748088e-01
8.698021145244875241e-01
5.642263958852482553e-01
9.888510366986886790e-01
4.200080195782313064e-01
9.192769671358347328e-02
7.124339821175789123e-01
7.655976188692936724e-01
5.017834064515325210e-02
4.980534554078851484e-01
1.131980346630812040e-01
5.878057443807209737e-01
9.630360582955815874e-01
3.040381218212261372e-01
3.445927725865443048e-01
6.093831788149813855e-01
3.694764727714849872e-02
3.025563113418202610e-01
9.588763259674679684e-01
5.686732239993331772e-01
4.378739839332991268e-01
2.835045807522369454e-01
2.701708243408840193e-02
9.914306733010407324e-01
8.334745764952221636e-01
6.615006869469517436e-01
2.843635509180831855e-01
6.291705249666358357e-01
3.063987452015420887e-01
7.506541517885657600e-01
5.804621859143979101e-01
4.465610184928116011e-01
7.214472826829712027e-01
6.525726553314585843e-01
6.335788899144426667e-01
7.546890685453815362e-01
4.855720933915680382e-01
4.236892234101953258e-01
7.520524443662809366e-01
7.794861620841138095e-01
7.252757813692941591e-01
8.276176096892019496e-01
4.915535950703450174e-01
5.007423784860787208e-02
7.681959089871015500e-03
4.126115462216741747e-01
2.595129632054681279e-01
6.849925200740724085e-01
2.063219405398865058e-01
1.789048875002708927e-01
3.958926221983889437e-01
4.848143918888271342e-01
8.829054331575174608e-01
2.838314123343561590e-01
4.459973509690560167e-01
7.615244760627025711e-01
3.768315912440046711e-01
9.351274709809176411e-02
1.644481228798166939e-01
2.425604584642336858e-01
3.125585253901266292e-01
5.431391121652812126e-01
6.817635974239145691e-01
4.050096542843151237e-01
1.131936234056930557e-01
8.087719168294544847e-01
7.709704551480400792e-02
1.511846885644675398e-01
5.417459488653145749e-01
6.842307262238536136e-01
8.954793827714935261e-02
7.619527551460045789e-01
8.260371345639075935e-01
8.853170454685280744e-01
3.995965735739924751e-01
3.447845824578024132e-01
3.621721999806534198e-01
2.591374305998295213e-01
6.150390213586690580e-01
5.336908954122387971e-01
6.100374690453987947e-01
7.712237126977919965e-01
1.838011489229929296e-01
4.806060033773267293e-01
2.517970637902453568e-01
7.161334070788281103e-01
7.593284932865708159e-01
1.901218282954321159e-01
2.723080216311868362e-01
5.969889460240795920e-03
8.904251518717752889e-01
2.499557017836407935e-01
2.860864437897501222e-01
9.339262744974001773e-01
9.541617881875218421e-01
1.003704428473184418e-01
5.212529321481296218e-02
3.252482413057569133e-01
4.037457252729432788e-01
4.828283757794775699e-01
2.075954602010858796e-01
2.739896445969146610e-01
1.678632379873814529e-01
1.944123487083133650e-01
1.946386342410947323e-01
2.019194054218198531e-02
2.548277422771613177e-01
6.880025845159909448e-02
8.418942568979288499e-01
3.164915337283034091e-01
7.232198067153375876e-01
2.902568661506205183e-01
7.687849246653860602e-01
8.757200102394087082e-01
9.613688629740384517e-01
8.391529090005350744e-01
7.097729031872499483e-01
2.849022847259136126e-01
6.888243989601663397e-01
8.906599714636351806e-01
4.482747285199230047e-01
6.567151096429835189e-02
2.002739229399784771e-01
5.083870520715050301e-01
4.860913194906003598e-01
5.884226582816308726e-01
3.786382664867867787e-01
5.261418201959189300e-02
5.508208751507782663e-01
9.248542679035265390e-01
5.101229614642661669e-01
2.883776270803003472e-01
3.126167481203315779e-01
3.420574059042656989e-01
2.976385686503549843e-01
8.096060188673314117e-01
8.823872657575814182e-01
7.796915275949212187e-01
8.577711500464875183e-01
7.348383739710057094e-01
2.521581489374888907e-01
2.248999233548448773e-01
7.865913561646157293e-01
4.107730144010957041e-02
3.031914393565438015e-02
9.302476421074623580e-02
3.581462876672434348e-01
8.653057523789414729e-01
4.574654264318720465e-01
2.297087364191111591e-01
6.724490361913473269e-01
1.642420966337528876e-01
5.995208688771460626e-01
6.226449255263620808e-01
8.304245554799479789e-01
3.075370312298976172e-01
9.055363370121481958e-01
7.231553381690765114e-01
5.774219542964403873e-01
8.616098716438994609e-01
5.756135996726833293e-01
9.224184700162683104e-01
1.186560328979106016e-01
7.671463204539772374e-01
1.290911131164964587e-01
5.704327575985552734e-01
7.644963096594055152e-01
1.159499092801618003e-01
2.382181169460988457e-01
9.644322802082297974e-01
2.030311725249674959e-01
7.780183154105149157e-01
9.490937236394760834e-01
5.752733696195126978e-01
2.921970111778618984e-01
9.496323742692758252e-02
6.316219321720928370e-02
8.360325144622136051e-01
4.920431143515889838e-01
5.312994395776260426e-03
5.451579421592069874e-01
1.912727811311377701e-01
1.381988792844106584e-01
1.015254478696234752e-01
6.750061798918580713e-01
2.465379784733201518e-01
8.140526292976091316e-02
1.021813781772847873e-01
3.146488480697806622e-02
5.878959291371389506e-01
2.367964169533653962e-01
8.388341897342521669e-01
5.441050820438981805e-01
9.084278978433535379e-02
7.593324793451239341e-01
7.096983328542261216e-02
4.958984257890332037e-01
9.755410110714622940e-01
1.849740478089433315e-01
1.178937623118745393e-01
7.383712146711030044e-02
7.984871732146768819e-01
8.948720969657141255e-01
4.985757767114166183e-01
5.549107031990012651e-01
4.198577231919214947e-01
8.210544848893976955e-01
9.506432736768780645e-01
8.043415962072667513e-01
7.809654926276519138e-01
1.971707663412789469e-01
6.315433287533712692e-01
4.118933360457244230e-02
4.646610795770504954e-01
6.323467659345258784e-01
7.444205583656190450e-01
5.491392650424753441e-03
9.246987763590697185e-01
3.840233977579481373e-01
1.617750115884000195e-01
3.856403931665163265e-01
4.684478987677483941e-01
1.279500731677692960e-01
5.554365342178403386e-01
1.242115676178668915e-01
2.266383120797836881e-01
2.526741824389922009e-01
5.530764555199884080e-01
9.122179514650498033e-01
8.340376858241483893e-01
2.941156028571411118e-01
9.550987818063347845e-01
6.387680210901857114e-01
5.807314005137687030e-02
4.648461199550206757e-01
3.283043400974011705e-01
1.531843535178000204e-01
9.241778435101587474e-01
5.853185122187529732e-01
2.301376379151898188e-01
2.480476058317040433e-01
9.070180797495750458e-01
1.550479070804817727e-01
8.799328552839776885e-01
1.444337816866232416e-01
7.905925876462667201e-01
9.987207667929154375e-01
8.036757349948541185e-01
1.955410652632053603e-01
4.364404662440045657e-01
2.028733754860063687e-01
9.398211063330232928e-01
9.638866409367463639e-01
1.257550140916804393e-01
7.893575213703729609e-02
7.231511339980124520e-01
6.905383745790646399e-01
4.823421540755958858e-01
1.090204380871443446e-01
3.865241471052798250e-01
7.921895099029173659e-01
9.601370947361008712e-01
5.863308787806376099e-01
2.087274172991238075e-01
7.278153978467433172e-01
6.056455821417117136e-02
3.106080352809569289e-01
4.747488273944708848e-01
2.608540595703395804e-01
2.512244763730329122e-01
6.441455558999431563e-02
8.278301993124762559e-01
6.084318435625956090e-01
7.621130650948048091e-01
8.106329984468599870e-01
9.570051593071168261e-01
6.132994477733629823e-01
2.612865849662258100e-01
6.731481787256589078e-01
9.279442077170642067e-01
6.072527151400788359e-01
5.905090859283317339e-01
7.892585023992529925e-01
8.036713715357816090e-01
3.452503542846171447e-01
4.503804634778435512e-01
6.724915321424771442e-01
1.695762851209881017e-01
3.989536713107381116e-01
7.414379149281771220e-01
1.053781366975483635e-01
8.451511992022688879e-01
2.710163698321269576e-01
7.374674844405325613e-01
7.246059494085308472e-01
8.152257780664032838e-01
1.985910258671629292e-01
9.794943362180148494e-01
6.280560581742833381e-01
7.820188765394222585e-01
3.762397299898699865e-01
4.003369760147594825e-01
9.779590845454886328e-01
4.660440737279906154e-01
1.387696297965212988e-02
1.434782324888850269e-01
7.451908113280666379e-01
4.547277967255016762e-01
7.322891006498334354e-01
2.695361155555099364e-01
9.997537973236717557e-01
8.233186958891924867e-02
3.849268258539608745e-01
7.715784618068352030e-01
2.576442080537197921e-01
1.808377064441222259e-01
2.769404714326683115e-01
6.133762322104727716e-01
6.657650086040313164e-01
9.985798651762134437e-02
2.208590371293824850e-01
6.017856499007441240e-01
6.444484651520534513e-01
2.002247889001491643e-01
1.345059587337453788e-01
2.148954631697763684e-01
6.197835088158076822e-03
2.065388191412089736e-01
2.997065972179736582e-01
6.124041082629853028e-01
5.496412494886189215e-01
9.101918933977718451e-01
5.105982847834769078e-01
3.593373644004039802e-01
1.628522422660864111e-01
4.222930522257002384e-01
6.481083799028386494e-02
6.587777496016948842e-01
8.344120035606955588e-01
6.779740386816623943e-01
7.814864322682716358e-01
8.472467150184740392e-01
5.075374249163943086e-01
2.410519203967016466e-01
9.896940562241727246e-01
7.527454646083971967e-01
8.806386491924056426e-01
6.967967714058799222e-01
9.421266358403752594e-01
5.160786595311098734e-01
5.237969415558992869e-01
4.091226837909258673e-01
7.358146288304643345e-01
2.019859895499511726e-01
3.643857314703957684e-01
1.434719319366499768e-01
1.273743093963709549e-01
5.987182598378626430e-02
8.306104453805759347e-01
2.724496210589777423e-01
5.514613501568549347e-01
1.467648086057686818e-01
7.315795152369641841e-02
2.970864882716431898e-01
1.376332621804255973e-01
2.910826897189972007e-01
1.749917059656087570e-01
5.931474172104622689e-02
5.720974379824199652e-01
5.740856414396996454e-01
7.084870338013139479e-01
2.437670166598315813e-01
7.416063258422392890e-01
3.976864994578738211e-01
9.937727488661718400e-02
9.496325674539587425e-01
9.687961754036510387e-01
1.949689334804052265e-01
7.298625279784359821e-01
5.827064341396157587e-01
2.620653263238370556e-01
8.917337709331968343e-01
4.234842630667297048e-01
1.687502649729409887e-01
8.430151733902949696e-01
8.866066047703341502e-01
6.053538697740690200e-02
5.568491787129367099e-01
5.451377952541675009e-01
4.438211511962528721e-01
8.343080475512021366e-02
3.154174952415909061e-01
6.134945088335042040e-02
2.904078780718841735e-01
3.442274860795362379e-01
6.700477943116645019e-02
6.574561492135055918e-01
9.144460793657193109e-01
2.890859947673307673e-01
9.247225185090102162e-02
6.711667310429736411e-02
3.068746146222618432e-01
7.084900472579169772e-02
1.993561424597753984e-01
5.682770873062286121e-01
3.623571988007310285e-01
9.102388712130025095e-01
6.268408566037519947e-01
2.348001879714232132e-01
4.793551966839251222e-01
1.421333192207143714e-01
5.503571790998806890e-02
4.860350857116491063e-01
8.123957669936732184e-02
5.333820701805849218e-01
1.210221851026352935e-01
9.187235466881460422e-01
6.087485331781240516e-01
5.834730952037663343e-01
7.268736210115068763e-01
1.930849205763920384e-01
9.868101884227767906e-01
6.940246589444558634e-01
2.176245981086388781e-01
5.848888438376765864e-01
6.754874143227646011e-01
5.115003662590789091e-02
7.189455516790453915e-01
9.506547071554332096e-01
9.253021153103478946e-01
7.881427152322187935e-01
9.488619206015387331e-01
3.539284210315660761e-01
2.157273538497744836e-01
8.267884225462440728e-02
6.048073860080235287e-01
4.123779663953930363e-02
1.191778907461764625e-01
2.387672303855095102e-01
2.215106617491418017e-01
3.615327388227127514e-01
4.455693994111279421e-01
4.945347468015945935e-01
4.849832007138813461e-01
2.714025634361594275e-02
5.042401584413863658e-01
8.173052790881663032e-02
2.651975318822616945e-01
5.023331056389940263e-01
4.154549754341736456e-01
6.027967097320923173e-01
8.349122130377317763e-02
6.858331281445118055e-01
7.640040994803907193e-01
1.814000585299012647e-01
4.295753227898881921e-01
8.823536895538508507e-01
9.153546325118406823e-01
1.939049406404342868e-01
6.775361243432143077e-02
5.933300164559481837e-01
6.890987289879855204e-01
5.433652749136349547e-01
3.613092105702072621e-01
1.159717496859778985e-01
2.477187527079325324e-01
9.199023407271345043e-01
4.653049467878512813e-01
9.905888441287512558e-01
5.251055480505906203e-01
5.128894563732117051e-01
6.242709588297991052e-01
4.410095523225250336e-01
1.737694348648273213e-01
9.068342882674592653e-01
5.757257292416206873e-02
4.921071936566135951e-01
9.279321127024249272e-01
8.557215102451600774e-01
9.064960425635620878e-01
5.547883554213528523e-02
6.575212329501098907e-01
4.207733809821692095e-01
2.505399028495292058e-01
1.663273220827733434e-01
4.092339526958210794e-01
2.686015666840221305e-01
1.597696101115844147e-01
4.156271546358425439e-01
2.716710069783222492e-01
5.915565933183778435e-01
8.259415876391169586e-01
7.501441397183897797e-01
6.444148218258262117e-01
5.363636574842151061e-01
4.393889450987574774e-01
8.567249603357828258e-01
6.885777887392897645e-01
1.133128464553456727e-01
7.829488655110971029e-01
7.715521666587837890e-01
7.017270427115720466e-01
6.613966338945029833e-01
2.408941286830678097e-01
4.389950969817316695e-01
5.153436626309548796e-01
5.235763473183295824e-01
2.592660553402410528e-01
2.174500608079628083e-01
1.455531958774392010e-02
9.257964278695025584e-01
5.656965504954423185e-01
2.177193513722033291e-01
2.693373472889366571e-01
8.425702926744911281e-01
4.441372042794732300e-01
2.487282004557176407e-01
6.046597639382637057e-01
8.495198749543190209e-01
5.263351715905451034e-02
1.109207235920807166e-01
1.121160776643986834e-01
3.561450707419080430e-01
4.222263061864940381e-01
6.531505635432988122e-02
1.241356766709643678e-01
6.849177933331294099e-01
3.425078540721634424e-01
8.690684440325836535e-01
3.593449801771152474e-01
2.061822335544931661e-01
5.910543647555643876e-02
5.083634914837105168e-01
4.484235170468084952e-01
7.990737151375185698e-01
2.992371659075080403e-01
2.277682096827288172e-01
6.727495296235080913e-01
2.040430578088127112e-01
6.201117778423282934e-01
9.497328198987583514e-01
2.751104062677757200e-01
5.043442536988940184e-02
4.741905075759688115e-01
4.061961037134471653e-01
1.825024964657564475e-01
3.423316982621603666e-01
8.928197437315843477e-01
7.824014326143914344e-01
1.263290861705449464e-01
9.613141102702527085e-02
7.355305627586794515e-03
7.185444812760777289e-01
8.213848510355719057e-01
1.455253957876396775e-01
1.623454131224326691e-01
8.735325273474474628e-01
4.812839879466135340e-01
1.669284017983497792e-01
8.229083218797155208e-01
5.416379404700198963e-01
7.095784105620380755e-01
7.644207494362865729e-01
2.967479654499071140e-01
5.779856472757112229e-01
9.963033501283455884e-01
2.148314880583476194e-01
1.499304577423072882e-01
2.756245745521612722e-02
2.070594562344088008e-01
3.036246065035825836e-01
7.238823423613602870e-01
9.110314036052390430e-01
6.138350318491007096e-01
4.023575808506173468e-01
6.069621401224745139e-01
5.065128478395181100e-01
5.976241619416255979e-02
4.513644800658214162e-01
2.773103644299395043e-01
1.610248219017930138e-01
7.316338054530102664e-02
2.957906035921742394e-02
9.240320477286272371e-01
5.575821515729931788e-01
2.885709730633317927e-01
4.068492847424222125e-01
6.322917161742105385e-01
2.411022178826446316e-01
8.126646667583344863e-01
7.370804274734572559e-01
9.609630738727468202e-01
2.126175372399958796e-01
5.693186062283529525e-01
5.767290705796180861e-01
6.841282961300403365e-01
3.672286392382663189e-01
4.550179379797137935e-01
7.364104081381736000e-01
1.829983846655155455e-01
2.572061344436400443e-01
1.495960731842332914e-01
3.644457691193505600e-01
2.150036500545304818e-02
5.449448281591872112e-01
7.644997617937806522e-01
4.822108534341148500e-01
2.378028335173553165e-01
8.477747263258464949e-01
4.614543622631271935e-01
8.502087217194732593e-01
5.866704043875798913e-01
9.776859619141893276e-01
6.686776604917568090e-01
1.770233988721683360e-01
3.469762708428706377e-01
3.045407337895381650e-01
3.726958854544232258e-01
1.702942856001845584e-01
6.988769650155451929e-01
9.518856057650452174e-01
7.728260851890290661e-01
2.581199927153979834e-01
9.695456053131480401e-01
1.735608501944835291e-01
5.358096824399531943e-01
6.874973135347399733e-01
7.478072698450766165e-02
5.409630623332463140e-01
4.368944702095552968e-01
9.027420105633187086e-01
3.383704114172637611e-01
5.911089326577503300e-01
9.806307633662817436e-01
2.854586056136789729e-01
8.433887796852959085e-01
8.935831835634024944e-01
3.805654698905369671e-01
6.046386063226338869e-02
6.836941433741664520e-01
5.929658125823626946e-01
9.835306931753466930e-01
3.463487401164533352e-02
1.683342165828203285e-01
1.737453310223495695e-01
1.148409569476160907e-02
3.866619198088326881e-01
4.747146999244047372e-01
5.737484998570990813e-01
2.689029565790663767e-01
9.363177460611078473e-01
6.674811374287861199e-01
8.723097219298092675e-02
8.333307692794826860e-01
4.501985285658647307e-01
4.714116776962897770e-01
6.563394817595641362e-01
5.685813927379625987e-01
5.786757450604391728e-01
1.607889129758026669e-01
8.299427778664995037e-01
7.263294207538828484e-01
2.444579280241935271e-01
3.635493348569951433e-02
9.080224189977037508e-02
9.895321764873498127e-01
7.409701157941385175e-01
3.979589731947286158e-01
5.602679703534710898e-01
3.838597205205477314e-01
2.269135335695319222e-01
5.474583456480138777e-01
5.444760759098836722e-01
9.603705788570990887e-01
3.234141223659930953e-01
4.799207549659200156e-01
4.363207877628938469e-02
8.094607492462642107e-01
7.291372224901155885e-01
5.078993253432342314e-01
4.190123523293683983e-01
8.753724038321233358e-01
2.427712838068651902e-01
3.898676384724342192e-01
1.285065573801035255e-01
8.627572746214634547e-01
2.994089881584849344e-02
4.988484606682217493e-01
5.801565073397209060e-01
4.815664011060224459e-01
7.086871289910007254e-01
7.688518604842813353e-01
3.219608726188705194e-02
3.230187770082262322e-01
9.623217324298700692e-01
3.815287141758411105e-01
5.150016932702617956e-01
8.723511512225210485e-01
3.562282444561433170e-01
2.927170750657005494e-01
2.488172644444101023e-01
2.390938279829857294e-02
9.201892575008702169e-01
3.243739238249949697e-01
2.737092414055292133e-01
7.657758892176267373e-01
5.882947988921537474e-01
4.821809585943034326e-01
7.645644862855554003e-01
6.724265501299957482e-01
9.525874393004141183e-02
8.437382953831884524e-02
8.035615921901025915e-01
4.563333723360153416e-01
7.863451487396720951e-01
6.144372106154145641e-01
9.629413623732075989e-01
5.175287968566142371e-01
3.361943641417032280e-01
6.082317093643890837e-01
2.936680762933755462e-01
9.338839448867430892e-01
3.836057082008603736e-02
9.393425480079048429e-01
9.814980613018539080e-01
2.031183165200732832e-01
1.561838145806352385e-01
3.294286259850273124e-01
2.625802267966349524e-01
2.046605922415510870e-01
4.239309673311623117e-01
6.551842494749969825e-01
6.940602657468494252e-01
1.212497545696595846e-01
9.125104983181160367e-01
1.062262416942297838e-01
1.947769174942044490e-01
1.597059673637947208e-01
5.185522453984390268e-01
6.880564073000893233e-01
7.185556977205204143e-01
9.710426678495309716e-03
1.853919414069068461e-01
2.494202307875401647e-01
4.382043688545026461e-01
7.498300731535326724e-01
3.684928154975652959e-02
6.621093963120006087e-01
5.299696356006302622e-01
5.157041915065443405e-01
3.784051868600158963e-01
6.679730565698023259e-01
4.656641767103372187e-01
8.951464285353230022e-01
5.889366683624183141e-01
6.569778679085931383e-01
8.150098070323053001e-02
6.299480230938556691e-01
8.692909911718516014e-02
6.434073879449621058e-01
5.487787998059640016e-01
8.087170955700695441e-01
5.466438062411604903e-02
1.927732194356033268e-01
2.373970849643280978e-02
6.613010100500327226e-01
1.174701901201269383e-02
5.204649305412267779e-01
9.505554505656380604e-01
5.102381588143717339e-01
5.452347666731129916e-01
8.407809106183827819e-01
5.850318859451635323e-01
5.516994322759571912e-02
6.859522908215363035e-01
4.261712013320562153e-02
9.924537062192104742e-01
5.093378529558674206e-01
7.633197486269942544e-01
1.409321505966535382e-01
6.777972590647896034e-02
5.672054952671408135e-01
2.570426067311658569e-01
5.095553894634931025e-01
8.114194768670468516e-01
7.540402283351099744e-01
9.518297300140469153e-01
3.039555640594446828e-01
5.742532613159244681e-01
4.423360539198952779e-01
2.157951177017031208e-01
8.814740362012750685e-01
5.349330029497574301e-01
2.149748574333623097e-01
8.602899386259069692e-01
8.076584185794054571e-01
9.131037583952503756e-01
6.622039424785925998e-01
5.904710865997001568e-01
4.699070009099205469e-01
2.596997126641295006e-01
4.651440944718110426e-01
8.927555803243636401e-02
4.051855765360197204e-01
7.724330893621764726e-01
6.069879796726372900e-01
4.929084277682804771e-01
8.002359456340766286e-01
3.732633735665098484e-01
3.086669850247701907e-01
7.686177661078851253e-01
6.205109363744563122e-01
7.790125449744020880e-01
2.734779327822355333e-01
6.816075479196401776e-01
7.843552046306687675e-01
2.017979519130881361e-01
9.091131329891810609e-02
3.017664138542656138e-01
7.252543724324520547e-01
7.192604283815235977e-01
7.107620299489312288e-01
4.003372878988453731e-02
9.354903130192456784e-01
1.109682741944036932e-01
5.618416197682152280e-02
9.871764407491251392e-01
2.540849326256922058e-02
2.847096804718942664e-01
1.748703938272475611e-01
3.144053388423121431e-01
9.395420369086108225e-01
3.743558207112581693e-01
8.805998271250737863e-01
4.653044012248197525e-02
6.847442772064923355e-01
4.855807291251271751e-01
9.948867095977198538e-03
2.918082136787866210e-01
9.731346137095092663e-01
4.550085129172739551e-01
7.016536117266305439e-01
1.023436606806957805e-01
9.854800691411796931e-01
1.930893179141456306e-01
1.399963354786962766e-01
9.161241328126489281e-01
2.373802406063758585e-01
7.646967941447512240e-01
3.297436225867403925e-01
2.921116084913855104e-03
9.280779954528938225e-01
9.899337367669800436e-01
8.451511738751310565e-01
8.822147521600333109e-01
8.961971738385958730e-01
4.434238655065860790e-01
5.949559143962475094e-01
5.036755504996226485e-01
3.466401247064954116e-01
8.040569829375551203e-01
7.380434153390356133e-01
8.908631623257040610e-01
6.746587928200554751e-01
2.756188963543798609e-01
6.249392961692167292e-01
9.302965492002890358e-01
7.528639633836285983e-01
5.440050922386219234e-02
7.382285828764625357e-01
9.920994883508902351e-01
1.354720935442835783e-01
5.185864895231163674e-01
7.127230748218276180e-01
5.132625332549413111e-01
4.200062302852408669e-01
7.979374446921679853e-01
1.397516973129939721e-01
2.336473779274335083e-01
1.434487559747028573e-01
5.727580580619323625e-01
9.125999166272078522e-01
4.726035268240137421e-01
4.601439312376284230e-01
5.670984747961158590e-01
9.222134323115989130e-01
2.149257850940469172e-01
5.660423603406095072e-01
6.725214855355898802e-01
1.480839881721103257e-01
1.587783561341709060e-01
7.810099548120587043e-01
4.428518574582456235e-01
4.058214888546209931e-01
6.036394882959618124e-01
2.093750832396122918e-01
6.882518912818890167e-01
3.763091183825356678e-01
1.308087449084127663e-01
2.001097581092645683e-01
2.304756814040382906e-01
4.445201861494695317e-01
1.957986418882686763e-01
5.079852263096670262e-01
5.000886170736980052e-01
5.095173680553274353e-01
4.738611686100979714e-01
5.324973793248644061e-01
7.764744268881362821e-02
2.240464486197549787e-01
6.778588866709405192e-01
3.587773280556738609e-01
9.834718161022173444e-01
6.699493927810018512e-02
3.423801048675071401e-01
9.543625728003577446e-01
3.527084149973372940e-01
2.239122413323162419e-01
6.530671228811312234e-01
2.126701089594336125e-01
2.283111021473324120e-01
1.938152777317774245e-01
8.126466617474069620e-01
4.634484736889160628e-01
4.247965974307439385e-01
9.150842044818704446e-01
5.808173691731752797e-01
6.230799392730493880e-01
5.407625471028792985e-01
2.848465186547157746e-01
1.940918343257912460e-01
7.416324099203884801e-01
8.356487493327993121e-01
4.942050978514964665e-01
4.388315025393856317e-01
8.030919592823837494e-01
8.049019283554273985e-01
4.431945320954931988e-01
2.583634177343658855e-01
6.218432672893201563e-01
5.562350151288734112e-01
5.101657995130386425e-01
4.840271702766707484e-01
1.954116866022335142e-01
5.442115189990563984e-01
3.251061219391759849e-01
2.850703032554816607e-01
8.770203015640050115e-01
1.621550717600961367e-01
8.583889510621065533e-01
4.496500877387740180e-01
9.173177659809428341e-02
6.894498373314135176e-01
3.275131707318476026e-01
4.307154038447507105e-01
8.832948458238906175e-01
2.824512504379720346e-01
4.585444096483740628e-01
2.396610386679159932e-01
1.077851746233571273e-01
1.984732407730043224e-01
2.982777211614795476e-01
7.418328042901783936e-01
1.586184165903414822e-01
7.812471519145898213e-01
9.089335319138441838e-01
6.690828511076429841e-01
9.805662133474196684e-01
5.160093165294149520e-01
2.725610003631998568e-01
6.979595948386937421e-01
7.260346308817617889e-01
4.211551238396472607e-01
2.831898000063916010e-01
6.455422013984379870e-01
8.199251053995910699e-01
2.351607944579533482e-01
9.226379620076152754e-01
7.765573064016318972e-01
6.434804426873316219e-01
3.586095234933075471e-01
4.139260821616681518e-01
8.284045098455568024e-01
3.663582953548749632e-01
2.293654397353529495e-01
8.815893451355556465e-01
4.701555832099315602e-01
6.979354195954272644e-01
6.496654366067666775e-02
5.383369738276937433e-01
4.684219732037486761e-02
9.132547771719600194e-01
3.855750003548765736e-01
6.101832912483096116e-01
8.511379193838325419e-01
7.252611363548896461e-01
6.698988806544865504e-01
2.618792204159222647e-01
6.269225257545172347e-01
9.790031222775691377e-01
7.537608731449100263e-01
3.703511173753948338e-02
8.721545265288840332e-01
1.262375416196455102e-01
9.821905856342044716e-01
6.571730573920646634e-01
5.103477208796178832e-01
4.366646847601862724e-01
4.329554809451079400e-01
1.583471452073499375e-01
1.282878399769800115e-01
1.912609559095607148e-01
3.503254340797450350e-01
1.605896822035357552e-01
1.264331033875484289e-01
4.911048675584204215e-01
2.484966415223204272e-01
9.991625408431303867e-01
3.265245525608584387e-03
2.550960774499178019e-01
1.824402865371957949e-01
4.838845744659968640e-01
9.986269028304342044e-01
9.316967577162493797e-02
6.593990522014689937e-01
8.189570634610228161e-01
5.776757092668450833e-01
9.691536248704717416e-01
5.315392908815986805e-01
3.013533728312043358e-01
6.681102630115943741e-01
4.767407729516837112e-02
8.213913121406857254e-01
4.207320263448521835e-02
4.962244953483375687e-01
1.384281587692548499e-03
2.442899411408877564e-01
6.795394415046570602e-01
7.567084455650541219e-02
4.395249069589823865e-02
5.317933181903585771e-01
3.042448615432296055e-01
1.861685420831846738e-01
2.885007329689185385e-01
7.813925583217782300e-01
9.792737570216681897e-01
7.900213711976846742e-01
6.792836282750994714e-01
8.905922896176055037e-02
9.804792829836560530e-01
1.679499691286742147e-01
5.163879513350717598e-01
5.805611960059335885e-01
2.119288627794349011e-01
3.531047497496028198e-01
1.089047915329588445e-02
2.398080075882820239e-01
2.188043925991958183e-01
3.884593827112386988e-01
9.371519027358591325e-01
7.704281392645873083e-01
2.597734262616024914e-02
4.430033880737042074e-01
1.644952216053474636e-02
1.887217564324973340e-01
3.493916615771679446e-01
2.509400212493040350e-01
2.333977851051490804e-01
8.747954011182856870e-02
9.276498915458712968e-01
6.326846161404825475e-01
7.509153988160962578e-01
9.202642080116378853e-01
7.237602275423702380e-01
4.283016750780408444e-01
1.141924331509613921e-02
4.862906484908902094e-02
1.797454470288195605e-01
4.647836379751494329e-01
7.130121528403817743e-01
8.207104226005428327e-01
2.065906966383411758e-01
3.001550095965592746e-01
1.717055138464813613e-01
1.403130914485837266e-01
8.173445528432612406e-01
3.843599416375712563e-01
4.876384385236255392e-01
7.784418602731844050e-01
6.839193120218606259e-01
7.319785211120569679e-01
2.788303602099078127e-01
7.216338363075307516e-01
8.707077463601705647e-01
7.501563205148166213e-01
6.010334038485286579e-01
4.293190655897303198e-01
2.074244808868639378e-01
8.088308809186111059e-01
3.506801629229751027e-01
4.179085096479676631e-01
5.231568940604257589e-01
2.106894703009447589e-01
5.767542800057012808e-01
7.114624335279677858e-01
7.837309748996047487e-01
5.779214642555364767e-01
4.439393372024134088e-01
5.959401598854732196e-01
7.620657755850446247e-02
4.935267607573623483e-01
3.941602561694155238e-01
7.746724919091109163e-01
8.577631816297845990e-01
6.542826683517684039e-01
8.068256185891004018e-01
7.019522740633034052e-01
7.921939587389312809e-01
5.364939975316673770e-02
8.083601315760913231e-01
2.930455830388276617e-01
2.946457267244722011e-01
3.816303302798363939e-01
8.718698856498369176e-01
8.999442022772963234e-01
1.353320258134086407e-01
8.361958981580800421e-01
5.568432569259799125e-01
9.703096659416077241e-02
4.226696928742493808e-01
6.462643865100340390e-01
2.537738018414701369e-01
5.073117292763849040e-01
2.845853583106975337e-01
5.695578430370162870e-03
2.226871342553482513e-01
9.204192768536288982e-01
2.803283165348392503e-01
5.055747811386388513e-01
4.382354525809483148e-01
4.150166421306860087e-01
1.615742892272659104e-01
9.250389877920517367e-01
2.292696503686042497e-01
5.916311670413844093e-01
1.292618322145835386e-01
4.915761064540861147e-01
7.558642889744805471e-01
6.081653646666318469e-02
4.647392329960918778e-01
5.842915844901253042e-02
7.451722940792242511e-01
2.963140892893785239e-01
9.621408286120207709e-01
1.647448284006236552e-01
6.486542786130222726e-01
3.140515915501577160e-01
4.261749551545053194e-01
3.646636848118872676e-01
2.852869453892220575e-01
7.596266703708820511e-02
1.011961778485243046e-01
1.026876509721541542e-01
3.453677676579662847e-01
5.371066489210002404e-01
3.330899339119151037e-01
7.103316823305710903e-01
5.495673159075658010e-01
4.711261560954074223e-01
1.481317641648028927e-01
5.511512369183299009e-01
6.614785380188454855e-01
8.096903038056384450e-01
2.938034561483874318e-01
5.415293215016924178e-01
7.046197857242305629e-01
3.476769431536339550e-01
9.802689320357887981e-01
4.785631881487937278e-01
1.335073889635599587e-01
5.022924232655719967e-01
3.951182349760032908e-01
1.246739858828189718e-01
6.014848135526262851e-01
3.502420541887972805e-01
4.495327068392287462e-01
8.452692614250463254e-01
1.360987586662114612e-01
5.608503491452254686e-03
7.425761454090252789e-01
2.804838782913722239e-01
8.391169890620198135e-02
7.422382387079778931e-01
3.957096834347095804e-01
2.417912716469590162e-01
7.629625753270765642e-01
5.493890821410513103e-01
4.854657503118273709e-01
4.073488229499981905e-01
1.661259580306397865e-01
7.989188305966479220e-01
4.870895951803547730e-01
8.956170347202240256e-01
9.093636891824190549e-01
5.873593829160285162e-01
9.043357962233184999e-01
4.510641529115999582e-01
8.735841072127858986e-02
3.851896506437489931e-01
9.013380492713030101e-02
7.420486554239928978e-01
8.678226091952226939e-01
9.291784069415742753e-01
3.985890159199863003e-01
2.178977570144441378e-01
2.743609983874161218e-01
2.448040327607255984e-01
8.683550895852630847e-01
5.849820814151807102e-02
5.970854712152234844e-01
8.841416018493845064e-01
5.708014118244869595e-01
8.873640001817519884e-01
1.199942286490804921e-01
4.939365040813364915e-01
5.166255137637436601e-01
6.380805327581375863e-01
2.509764193148312783e-01
1.460438575793021609e-01
8.557079069514615943e-01
2.336218654472415057e-01
1.659385124820261792e-01
8.079054191699230891e-01
9.334388189637383704e-01
4.872102380488591011e-01
8.546124779088331014e-01
8.355007642831702164e-03
7.060140230629556868e-01
5.823858415875673433e-01
7.311857477818177742e-01
9.783305417734777798e-01
7.210407639397239388e-01
1.893914775939032902e-01
8.247036407286775228e-01
9.620940549385790241e-01
4.123436109396841909e-01
3.983774211027443224e-01
7.879815060235985102e-01
9.933203936983181492e-01
8.501576004332999092e-01
2.942545461244244764e-01
7.689410151747503308e-01
4.470125202325395675e-01
1.906830491122968319e-02
6.168690615325800319e-01
3.769303255286694521e-01
6.267223928784638742e-01
1.742129035582701269e-01
1.174794207260143608e-01
7.204895015650154555e-01
3.974830973049020555e-01
9.843796880759196899e-01
5.965834477429593496e-01
7.852567837369650583e-01
8.334118466001776415e-01
4.064152437324662914e-01
9.956730590592924868e-01
4.176293110505040485e-01
6.627426687612997247e-01
6.467589734125845924e-01
1.886853786224874652e-01
1.230780517890767145e-01
1.978943801606166675e-01
4.964064072051321830e-01
9.452419464214943945e-01
8.530473143058387997e-01
4.061716036148803610e-01
9.481196613008324725e-02
1.136383469997538365e-01
3.359708022670419014e-01
5.733111971716730038e-01
7.424499740345822385e-01
3.417744786936862678e-01
3.535242327350843761e-01
8.888120842337154937e-02
9.508888219413409448e-01
2.625932086069698856e-01
9.305881393615433872e-01
1.903622727088600808e-01
4.967998762881110641e-01
4.429868091498788685e-01
5.811190209878782653e-01
9.798882956006315093e-01
5.313777242793826794e-02
8.757955659283843675e-01
8.489332751584377501e-01
2.427075466248149738e-01
5.057257442021463323e-01
3.727637702013267829e-01
1.259703495868403911e-01
2.549076176584305076e-01
4.784738559508399103e-01
2.983051819729555243e-01
7.295936715943851514e-01
1.844745338448396943e-01
1.758439344917412939e-01
9.251080304867518311e-01
9.345637266698592072e-02
4.604306700673421737e-02
4.108538436126629723e-02
3.678219344504360944e-01
8.704678489581614276e-01
3.280449037711186122e-01
5.318263115918229200e-01
7.015397513268739615e-02
8.227389229004067328e-02
1.479479594246192464e-01
8.684171673751797105e-01
6.415486866239461516e-01
3.416965895650277973e-01
6.771928044335692176e-01
9.524791341400045130e-01
7.064460160477505912e-01
3.497109394439928964e-01
9.072253540777950320e-01
3.020790485218515231e-01
4.463112220050854395e-01
5.461100213888964161e-01
8.081032535021921426e-01
9.880425819623193107e-01
3.113356913041560592e-01
4.683946824465273773e-01
4.824868028767859141e-02
6.014899356742027248e-01
8.337390630500542965e-01
2.902000637402177841e-01
8.791976993295088638e-01
9.313492350389295238e-01
1.169721475184952730e-01
9.675118686189519979e-01
1.227819599755712865e-01
5.395694109412827455e-01
5.125804851861129885e-01
2.898956361403104420e-01
3.742616316120470632e-01
3.592308608189450636e-01
7.917762385516411427e-01
7.277649293272815401e-01
3.164207823186913071e-01
2.213120394280462255e-01
4.226580181458363672e-01
7.445742682866650641e-01
2.591786238068576331e-01
5.533159529201205906e-01
8.150331153228218550e-01
9.213079396406170796e-01
2.758646095552028665e-01
4.834859078247932818e-01
2.407730958099031371e-01
4.923401541657096425e-01
6.621188950507614912e-01
2.322460570425299853e-01
7.683669238786328126e-02
3.477964518943821304e-02
1.357454286331211124e-01
7.278777629239127078e-01
4.470564744583515049e-01
1.605977358283249279e-01
6.824056478908413492e-02
5.646128269209879091e-01
5.934805553808669698e-01
7.995845221791254565e-01
5.959371147899252819e-01
1.822604090258093112e-01
4.871678287200538193e-01
1.885126300027656354e-01
6.460630666862708926e-01
4.711426974117409738e-01
8.880493772812114717e-01
4.362504921837924154e-01
1.246996109519243889e-01
7.701848526879156998e-01
6.936024674943706003e-01
9.571577633498715709e-01
9.560503090047167696e-02
2.228925673658732620e-02
7.284644990124289343e-02
1.269521148718133485e-02
7.409716337402437736e-01
7.004562737187558508e-02
3.674433660091265264e-01
2.926151860810355387e-01
5.563266562813804494e-01
2.350039213562904461e-01
9.236275757465433056e-01
2.489390471164597551e-01
2.356400104822240493e-01
6.310200146846087765e-01
8.601690984895393743e-02
7.532213698344879527e-01
9.791594494966967543e-01
6.380059528777560773e-01
8.832952838998616718e-01
1.461921919074780085e-01
8.141737500067136590e-02
2.854136624325569471e-01
1.877907193976968703e-02
3.093301779494166404e-01
6.713966514314404499e-01
4.911575978336900627e-01
9.501584163608203237e-01
9.826427980672796103e-01
7.347989996237315191e-01
7.019515256116091173e-01
4.254799400686820610e-01
7.415439359783438933e-01
9.800028388560652060e-01
4.425027504725005389e-01
3.895372720340822825e-01
1.825085253748949254e-01
3.967172335932180882e-01
8.210691129874740923e-01
7.872176199142136843e-01
9.313465298393499570e-01
9.796129184020685443e-02
2.504298984191661859e-01
6.398780930000528278e-01
9.981836169938682612e-01
6.245131675211257338e-01
9.305256042503484704e-01
3.995578348258096435e-01
1.518907619545760701e-01
6.049821716921359727e-01
1.296770340411771416e-01
7.623540929688339407e-01
2.556767652801494872e-01
1.392054484087019706e-01
7.051449895312881244e-01
9.489169636138998776e-01
1.929202498652035080e-01
3.739311236287601314e-01
7.888433093672564400e-01
6.401098697686968819e-02
8.135310954588995669e-01
1.744691437786316524e-01
1.549391047291429624e-01
2.376267363376793895e-02
3.584033285506281752e-01
2.700337385804004731e-01
9.973867035729693242e-01
6.738550174476205523e-01
4.359045571369050132e-01
5.632951347717793933e-01
7.107501510012979029e-01
4.799403465070328778e-02
3.619180806554201935e-01
4.787081574759459723e-01
8.946690305724483983e-01
2.276091858736626339e-01
8.361595422444189074e-01
2.176274468012884267e-01
1.979567299836403338e-01
9.910930677027754987e-01
2.744365956049671373e-01
8.427837263212792918e-01
4.543629996407662075e-01
1.419013858747916190e-01
5.545105334591109436e-01
7.523908860853946168e-01
6.730471756972256081e-01
6.771568685544757660e-01
7.192272653123136239e-01
6.927961514517303465e-01
4.493506620366904958e-02
1.570199417518701734e-01
2.088778171665732764e-01
5.515181117236185315e-01
6.151886777346767810e-01
3.512372954675948566e-01
1.968169165778098639e-01
2.862084346442882454e-01
3.664340717456215923e-01
5.655340619345855524e-01
3.903697529684213574e-02
8.455533306911102720e-01
8.508533185750283279e-01
9.103909152004883154e-01
5.381318023034240561e-01
6.219262095820627945e-01
8.352404644652138277e-01
5.785072547333944826e-01
9.179800517035079377e-01
6.194456872719705798e-01
2.694167566312075657e-01
7.950431422152166583e-01
6.146181442707820963e-02
4.673296553916085339e-01
4.202256615344854840e-01
8.425770753191907936e-01
9.564634016769058000e-02
8.075743630505014536e-01
9.955458437670997585e-01
8.149915768502317137e-01
1.046622980307264639e-01
1.449582009342534894e-01
4.925688045318725727e-01
1.902992227137010328e-01
4.830484832154129382e-01
4.597332095530154428e-01
4.637705356256789369e-01
4.656789486515805487e-01
9.536827057047068124e-01
4.159745619435507580e-01
5.214536462012882012e-01
1.967313315809349206e-03
9.090785333412182423e-01
5.497604473753912036e-01
2.159792847967150209e-01
5.599977350355981320e-01
4.417066051528180104e-01
8.727065309606063526e-02
9.447107577747725360e-01
1.510531677761555169e-01
1.260812080386393141e-01
7.251148460271836793e-01
2.330249870398936052e-01
6.112508123028166374e-01
5.609675070638753258e-02
9.802745280255776850e-01
8.537215261441211123e-01
1.121819256223268724e-01
9.410816649976572190e-01
4.056572957579710481e-01
3.343884535856971318e-01
5.344742234982432505e-01
3.710800890761905002e-01
6.176555118881341677e-01
9.907259703511130944e-01
2.442035470609406067e-01
1.926838192709406927e-01
9.907733805475168465e-01
3.828209743824552147e-01
9.366485277571112711e-03
8.761053344032354584e-01
4.596250213824355502e-01
2.480702656848113863e-01
5.789653809689242481e-01
3.401636747857659238e-01
2.620572722006674349e-01
9.140036467271931420e-01
5.579433433470138981e-01
7.833730242472004557e-01
6.103283997656215876e-01
9.983891703415115337e-01
7.012078961280071576e-01
8.379004051984074719e-01
5.478540384358547843e-01
3.492413482256528923e-01
6.502748603356173218e-01
5.272669259151647747e-01
7.215876508900572750e-01
